3.652165797348663e-7, 38.98201140479736
4.4166665251312916e-7, 38.98116997641141
5.341198695956397e-7, 38.980328548025454
6.459261378996321e-7, 38.9794871196395
7.811365938095417e-7, 38.97864569125355
9.446503901707495e-7, 38.97780426286759
0.0000011423922099178054, 38.97696283448164
0.0000013815269382834764, 38.976121406095686
0.0000016707192719217163, 38.97527997770973
0.000002020447671500909, 38.97443854932378
0.0000024433840333797996, 38.973597120937825
0.0000029548528372132365, 38.97275569255187
0.000003573386406028766, 38.97191426416592
0.000003747278851722973, 36.97331149042817
0.000003747278851722973, 37.47290959458849
0.0000039923694191106405, 37.905614142065446
0.000004120862031896777, 37.07281039706726
0.0000043213963978097264, 38.971072835779964
0.000005225985859099006, 36.971838990752744
0.000005225985859099006, 37.971035199073384
0.000005225985859099006, 38.97023140739401
0.000006319931264196259, 36.97099756236679
0.000006471878724239267, 38.070008212971246
0.000006471878724239267, 38.86936517962775
0.000006627479393415151, 38.46958151775125
0.000007642870122700926, 36.970156133980836
0.000009242737186620845, 36.96931470559488
0.0000111775012959077, 36.96847327720893
0.000013517265794473512, 36.967631848822975
0.000016346808622186397, 36.96679042043702
0.000019768654119358872, 36.96594899205107
0.000023906787846065497, 36.965107563665114
0.000028911149017327278, 36.96426613527916
0.000034963063330972035, 36.96342470689321
0.00004228181303873249, 36.96258327850725
0.00005113258231748384, 36.9617418501213
0.0000618360658295139, 36.960900421735346
0.00007478008862393272, 36.96005899334939
0.00009043365840933208, 36.95921756496344
0.00010936395936121398, 36.958376136577485
0.00013225690320991187, 36.95753470819153
0.00015994198224757676, 36.95669327980558
0.00019807269669864906, 36.85582705203932
0.00020283487557513978, 36.45604339016282
0.00020771154952353935, 36.05625972828632
0.00025723069185111194, 35.95539350052006
0.00031107628978945494, 35.954552072134106
0.0003761932814968427, 35.95371064374815
0.00045494108579971916, 35.9528692153622
0.0005501730140557135, 35.952027786976245
0.0006653396557118208, 35.95118635859029
0.0008046139053594116, 35.95034493020434
0.0009730421614582593, 35.949503501818384
0.0011767271751939605, 35.94866207343243
0.0014230491747292669, 35.94782064504648
0.001720933276962737, 35.94697921666052
0.0020811728760681426, 35.94613778827457
0.0025168207263247247, 35.945296359888616
0.0030436618895518883, 35.94445493150266
0.0035099788529515835, 31.94703902693067
0.0036807856837060026, 32.4464267739945
0.0036807856837060026, 35.94361350311671
0.003739548826959017, 32.87934167856794
0.0038599045227814583, 32.04653793356975
0.004451277356358967, 35.942772074730755
0.004667890791909801, 35.24312437180981
0.004667890791909801, 35.64280285513807
0.004895045332115472, 31.945566527255256
0.004895045332115472, 32.94476273557588
0.0050127348565607854, 34.84313035283684
0.005133253940943632, 34.04366820763208
0.005133253940943632, 34.44334669096034
0.005919715603560427, 31.944725098869302
0.005919715603560427, 32.943921307189925
0.005919715603560427, 33.943117515510565
0.007158878100091544, 31.94388367048334
0.007158878100091544, 32.94307987880397
0.007158878100091544, 33.9422760871246
0.008657432059936469, 31.943042242097388
0.008657432059936469, 32.94223845041802
0.008657432059936469, 33.94143465873864
0.010469675391100393, 31.942200813711434
0.010469675391100393, 32.94139702203206
0.010469675391100393, 33.94059323035269
0.012661272076539696, 31.94135938532548
0.012661272076539696, 32.94055559364611
0.012661272076539696, 33.939751801966736
0.015311631412415264, 31.940517956939527
0.015311631412415264, 32.939714165260156
0.015311631412415264, 33.93891037358078
0.01851678528763877, 31.939676528553573
0.01851678528763877, 32.9388727368742
0.01851678528763877, 33.93806894519483
0.022392867758722405, 31.93883510016762
0.022392867758722405, 32.93803130848825
0.022392867758722405, 33.937227516808875
0.027080322997230864, 31.937993671781665
0.027080322997230864, 33.03710950093435
0.027080322997230864, 33.43678798426261
0.027080322997230864, 33.83646646759085
0.03274899407864814, 31.937152243395712
0.039604276997471585, 31.936310815009758
0.047894562890256676, 31.935469386623804
0.05792023812466512, 31.93462795823785
0.060738822715935815, 25.03996376372901
0.060738822715935815, 25.43964224705726
0.06219914078774362, 25.839215551837267
0.0667941507147581, 30.035524091139184
0.0667941507147581, 30.435202574467436
0.0684000545011386, 30.83477587924744
0.07004456835956156, 24.939413071607486
0.07004456835956156, 31.933786529851897
0.07345316175407668, 31.234138826930963
0.07345316175407668, 31.633817310259214
0.07702762823770098, 25.938188565735143
0.07702762823770098, 29.93497339901766
0.08470686094413687, 24.938571643221533
0.09315167109737685, 25.93734713734918
0.09315167109737685, 29.9341319706317
0.10243838257631105, 24.93773021483557
0.11265092833258006, 25.936505708963228
0.11265092833258006, 29.933290542245746
0.12388160897345828, 24.936888786449618
0.13623192697129666, 25.935664280577274
0.13623192697129666, 29.932449113859793
0.15341540736164164, 24.836022558683364
0.15710390973699606, 24.436238896806866
0.16088109322989255, 24.03645523493037
0.164749089963293, 25.93482285219132
0.164749089963293, 29.93160768547384
0.19923569494434212, 23.83566938633204
0.19923569494434212, 25.933981423805367
0.19923569494434212, 29.031489669599313
0.19923569494434212, 29.431168152927565
0.19923569494434212, 29.830846636255817
0.20893114299468635, 23.03610206257905
0.20893114299468635, 23.435780545907303
0.24094131353805517, 22.93555137045752
0.24094131353805517, 25.933139995419413
0.24094131353805517, 28.9307286203813
0.2913770877535817, 22.934709942071567
0.2913770877535817, 25.93229856703346
0.2983825450201356, 28.829862392615038
0.3055564315612488, 28.030400247410295
0.3055564315612488, 28.430078730738547
0.3523704840031468, 22.933868513685614
0.3523704840031468, 25.931457138647506
0.3523704840031468, 27.929849555288765
0.4063568793567443, 21.93404123407551
0.4261315086710542, 22.433428981139347
0.4261315086710542, 22.8331074644676
0.4261315086710542, 25.930615710261552
0.4261315086710542, 27.92900812690281
0.446868434883443, 22.033540140714603
0.5153327844583224, 25.9297742818756
0.5153327844583224, 27.928166698516858
0.5803337794020949, 21.83254393501979
0.594286501365523, 21.43276027314329
0.6085746827784928, 21.0329766112668
0.62320638895203, 25.928932853489645
0.62320638895203, 27.927325270130904
0.7536609642230896, 20.93211038350054
0.7536609642230896, 25.92809142510369
0.7536609642230896, 27.92648384174495
0.9114233407472305, 20.931268955114586
0.9114233407472305, 25.927249996717737
0.9114233407472305, 27.925642413358997
1.102209807184535, 25.926408568331784
1.102209807184535, 27.924800984973043
1.1287097758764384, 20.830402727348325
1.1558468722150879, 20.030940582143575
1.1558468722150879, 20.430619065471827
1.3329332317271563, 19.930389890022038
1.3329332317271563, 25.925567139945823
1.3329332317271563, 27.923959556587082
1.5371508483971414, 18.93056261041195
1.6119535397539273, 19.42995035747577
1.6119535397539273, 19.829628840804023
1.6119535397539273, 27.92311812820113
1.6507090634825692, 26.02454015384369
1.6903963700340063, 19.030061517051035
1.6903963700340063, 26.424113458623697
1.6903963700340063, 26.82379194195195
1.6903963700340063, 27.2234704252802
1.6903963700340063, 27.623148908608453
2.1437231961886, 18.929090110736528
2.592464582694232, 18.928248682350574
3.1351401265206498, 18.92740725396462
3.7914128812147356, 18.926565825578667
4.585061928888674, 18.925724397192713
5.287535539054915, 17.92589711758261
5.54484398043423, 18.425284864646446
5.54484398043423, 18.8249633479747
5.814673875998775, 18.025396024221703
7.3740404837711, 17.924424617907196
8.917633964832161, 1.0371672689026
8.917633964832161, 1.4368457522308518
8.917633964832161, 17.923583189521242
9.060002536975096, 1.8697606568042957
10.784344852153453, 17.92274176113529
11.859484975260688, 1.9351817138122342
13.04181068081749, 17.921900332749335
13.355369471961081, 17.622036291704905
13.676467025774219, 17.222252629828407
14.342007784410246, 1.9343402854262806
14.686826669878839, 16.822258610855425
15.039935891370316, 16.022796465650675
15.039935891370316, 16.422474948978927
17.344192240823904, 1.9334988570403269
17.344192240823904, 15.922245773529145
20.974818101385225, 1.9326574286543732
20.974818101385225, 15.921404345143191
25.36543577686377, 1.9318160002684195
25.36543577686377, 15.920562916757238
30.6751328683851, 1.9309745718824658
30.6751328683851, 15.919721488371284
33.73327562815232, 14.020827978369105
33.73327562815232, 14.420506461697357
34.2718218730222, 14.853421366270801
37.09629847366341, 1.9301331434965086
37.09629847366341, 15.918880059985327
38.901523359755906, 15.219232357064396
38.901523359755906, 15.618910840392648
40.794596279842445, 13.92006692915109
44.86159412419102, 1.9292917151105549
49.33404938139084, 13.919225500765137
54.25238393508379, 1.9284502867246012
59.66104950934712, 13.918384072379183
65.60892942171638, 1.9276088583386475
72.14978038878395, 13.91754264399323
79.34271837739692, 1.9267674299526938
87.25275289255835, 13.816781594775211
91.49875174911676, 13.017214271022219
91.49875174911676, 13.41689275435047
95.95137453090638, 1.92592600156674
105.51720111005807, 12.916663578900692
116.0366882135093, 1.9250845731807829
127.60491057297108, 12.915822150514735
140.3264213502453, 1.9242431447948292
158.0263567701361, 12.814955922748474
161.82571827064854, 12.415172260871977
165.71642622821184, 12.015388598995482
169.70067684742855, 1.9234017164088755
177.95885617087805, 9.017484438388859
177.95885617087805, 9.417162921717111
177.95885617087805, 9.816841405045363
205.22378783249047, 1.9225602880229218
205.22378783249047, 8.916933746267329
205.22378783249047, 9.916129954587962
205.22378783249047, 11.914522371229221
236.66595750578466, 4.419919737535032
242.35601798561544, 4.0201360756585345
242.35601798561544, 4.819493042315038
248.18288220606618, 1.921718859636968
248.18288220606618, 8.916092317881375
248.18288220606618, 9.915288526202009
248.18288220606618, 11.0144043553547
248.18288220606618, 11.414082838682951
248.18288220606618, 11.813761322011203
300.13451983639175, 1.9208774312510144
300.13451983639175, 3.9192698478922736
300.13451983639175, 4.918466056212903
300.13451983639175, 8.915250889495422
300.13451983639175, 9.914447097816055
300.13451983639175, 10.913643306136684
362.96109222644736, 1.9200360028650607
362.96109222644736, 3.91842841950632
362.96109222644736, 4.9176246278269495
362.96109222644736, 8.914409461109468
362.96109222644736, 10.013525290262162
362.96109222644736, 10.413203773590414
362.96109222644736, 10.812882256918666
438.93902821318113, 1.9191945744791035
438.93902821318113, 3.9175869911203627
438.93902821318113, 4.916783199440992
438.93902821318113, 8.91356803272351
530.8212770324399, 2.0182727669252145
530.8212770324399, 2.4179512502534664
530.8212770324399, 2.817629733581718
530.8212770324399, 3.916745562734409
530.8212770324399, 4.915941771055039
530.8212770324399, 8.912726604337557
641.9370574026547, 2.9167079260278257
641.9370574026547, 3.9159041343484553
641.9370574026547, 4.915100342669085
641.9370574026547, 8.911885175951603
776.3124868892457, 2.915866497641872
776.3124868892457, 3.9150627059625016
776.3124868892457, 4.914258914283131
776.3124868892457, 8.91104374756565
938.8164623780976, 2.9150250692559183
938.8164623780976, 3.914221277576548
938.8164623780976, 4.9134174858971775
938.8164623780976, 8.910202319179696
1135.3370774233977, 2.9141836408699646
1135.3370774233977, 3.9133798491905942
1135.3370774233977, 4.912576057511224
1135.3370774233977, 8.909360890793742
1309.281147951252, 7.909533611183647
1372.9949686940777, 2.913342212484011
1372.9949686940777, 3.9125384208046405
1372.9949686940777, 4.91173462912527
1372.9949686940777, 8.408921358247476
1372.9949686940777, 8.808599841575727
1439.8093083437866, 8.009032517822735
1660.4013218148807, 2.9125007840980537
1660.4013218148807, 3.9116969924186833
1660.4013218148807, 4.910893200739313
1825.9342406909846, 7.908061111508225
1914.7900583139744, 6.908654546091107
1960.8265536038346, 6.2091120217184255
1960.8265536038346, 6.608790505046677
2007.9698850658226, 2.9116593557121
2007.9698850658226, 3.9108555640327296
2056.2466638983874, 5.0098662146371815
2056.2466638983874, 5.809223181293685
2261.2431955997154, 7.007837917085464
2261.2431955997154, 7.807194883741968
2315.6093185443488, 7.40741122186547
2428.2942962995194, 2.9108179273261463
2428.2942962995194, 3.910014135646776
2936.6043949645605, 2.9099764989401926
2936.6043949645605, 3.909172707260822
3551.3180530328455, 2.909135070554239
3551.3180530328455, 3.9083312788748685
4397.96439755247, 2.808268842787978
4397.96439755247, 4.007304292772734
4503.70281330922, 3.2078421475679875
4503.70281330922, 3.6075206308962393
