13.18256738556408	0.017491695754842284
13.427649611378648	0.01774903209194758
13.677288255958501	0.018011152668756428
13.931568029453043	0.018278146430925696
14.190575216890933	0.01855010397773548
14.454397707459288	0.018827117592832253
14.723125024327201	0.019109281275543562
14.996848355023747	0.019396690772774935
15.27566058238074	0.019634311495023628
15.559656316050757	0.019875707868643143
15.848931924611149	0.020121592135919478
16.14358556826488	0.02037204773302515
16.443717232149332	0.020627159647326934
16.74942876026439	0.020887014446224733
17.06082389003125	0.021145617917523438
17.37800828749377	0.021383506215620327
17.70108958317423	0.021625817187380672
18.03017740859571	0.02187263305644678
18.365383433483483	0.022124037575112613
18.706821403658026	0.02238011605274352
19.05460717963249	0.022640955384724368
19.408858775927804	0.022906644081945853
19.76969640111863	0.02317727230083897
20.137242498623905	0.02345293187396793
20.511621788255656	0.023733716341191743
20.892961308540396	0.0240197209814053
21.281390459827122	0.024156278091965425
21.67704104819695	0.02423540820963939
22.080047330189004	0.0243160094660378
22.490546058357815	0.024398109211671563
22.908676527677734	0.024481735305535546
23.334580622810034	0.024566916124562008
23.76840286624877	0.024653680573249754
24.210290467361787	0.024791125869190106
24.6603933723434	0.024986170461348805
25.11886431509581	0.025184841203208182
25.585858869056466	0.025387205509924467
26.061535499988963	0.025593332049995216
26.546055619755403	0.025803290768560673
27.03958364108845	0.02605145873341498
27.542287033381676	0.026704973143396177
28.054336379517146	0.027370637293372288
28.57590543374948	0.028048677063874324
29.107171180666064	0.028739322534865882
29.648313895243437	0.029442808063816467
30.199517204020175	0.029700482795979824
30.760968147407095	0.029139031852592905
31.33285724315587	0.02856714275684413
31.91537855100763	0.02798462144899237
32.50872973854346	0.027391270261456543
33.11311214825913	0.02691583570075628
33.72873086588691	0.027002022321224166
34.355794789987485	0.027089811270598247
34.994516702835746	0.027179232338397006
35.64511334262445	0.027270315867967423
36.307805477010156	0.02736309276678142
36.982817978026645	0.02745759451692373
37.67037989839091	0.02755385318577473
38.3707245492279	0.02762780434119209
39.08408957924023	0.027681306718443016
39.810717055349755	0.02773580377915123
40.55085354483841	0.027791314015862878
41.30475019901617	0.02784785626492621
42.072662838444444	0.02789564022969333
42.85485203974399	0.02784870887761536
43.65158322401663	0.027800905006559
44.46312674691091	0.027752212395185345
45.28975799036211	0.027702614520578272
46.13175745603798	0.02765209455263772
46.98941086052158	0.027600635348368704
47.86300923226388	0.026981510050210888
48.75284901033868	0.026343791542590613
49.659232145033656	0.02569421696272588
50.58246620031145	0.025032565889776794
51.5228644581757	0.02435861380497408
52.48074602497731	0.023672132015432928
53.456435939697215	0.023078302543575638
54.45026528424217	0.022595585433368086
55.46257129579113	0.022103893942044307
56.49369748123031	0.021603061223402418
57.54399373371575	0.02109291732933806
58.61381645140293	0.020573289152175715
59.70352865838375	0.020044000365927888
60.813500127871855	0.01972567854402746
61.94410750767821	0.01948340553406895
63.09573444801939	0.01923662833256727
64.26877173170203	0.018985263200349562
65.46361740672751	0.018729224841415534
66.68067692136222	0.01846842637399381
67.92036326171846	0.018192918266113346
69.18309709189366	0.017908803154323926
70.46930689671471	0.01761940594823919
71.77942912713618	0.01732462844639436
73.11390834834177	0.017024370621623104
74.47319739059893	0.01671853058711524
75.8577575029184	0.016437979138337635
77.26805850957025	0.016171588948192286
78.70457896950988	0.015900246194648134
80.16780633876793	0.015623858802677169
81.65823713585927	0.015342332985448806
83.17637711026713	0.015055573212505098
84.72274141405967	0.01481327103031284
86.29785477669706	0.014624257426796352
87.90225168308847	0.014431729798029383
89.53647655495942	0.01423562281340487
91.20108393559102	0.014035869927729077
92.89663867799368	0.013832403358640758
94.62371613657935	0.013606442579513097
96.3829023623971	0.013342564645640433
98.17479430199849	0.013073780854700226
100.	0.012799999999999999
101.85913880541169	0.012521129179188246
103.75284158180126	0.01223707376272981
105.68175092136585	0.011947737361795122
107.64652136298349	0.011722682314755623
109.64781961431851	0.011507157887688775
111.68632477805612	0.011287626562363186
113.7627285823431	0.011064013844978434
115.87773561551262	0.010836243856790948
118.03206356517298	0.010604239308365987
120.22644346174131	0.010381735809046373
122.4616199265049	0.010166200935658455
124.73835142429432	0.00994665896980019
127.05741052085419	0.009723035414060489
129.41958414499862	0.00949525438601799
131.82567385564073	0.009263238592491787
134.2764961137864	0.009056139991633353
136.77288255958496	0.0088725821647364
139.31568029453035	0.008685611743049238
141.90575216890926	0.008495165281697848
144.5439770745928	0.008301178156279941
147.23125024327194	0.008103584540935885
149.9684835502374	0.007902317386011954
152.75660582380732	0.007723883516812309
155.59656316050751	0.007542441798078686
158.48931924611142	0.007357626825942881
161.4358556826487	0.0071693758869418875
164.43717232149325	0.0069776251016823755
167.49428760264382	0.006782309403164422
170.60823890031244	0.006615675696633909
173.78008287493762	0.006452325731940712
177.0108958317422	0.0062859388646652765
180.301774085957	0.006116458634573214
183.65383433483476	0.0059438275317560095
187.06821403658017	0.005767986977116121
190.54607179632484	0.00561151520172181
194.08858775927794	0.005460573217213374
197.6969640111862	0.005306825011697283
201.37242498623894	0.005150218413629819
205.11621788255667	0.004990700281525846
208.92961308540407	0.004828216485926261
212.81390459827134	0.00468418755082242
216.77041048196963	0.004562448908247088
220.80047330189015	0.004438446975326456
224.90546058357828	0.004312139674351437
229.08676527677747	0.004183484145329924
233.34580622810046	0.004052436731443063
237.68402866248783	0.003922781347461513
242.102904673618	0.0038115475720089257
246.60393372343412	0.0036982458062721755
251.18864315095823	0.003582837603441396
255.85858869056477	0.0034652838019271623
260.61535499988975	0.0033455445120717407
265.4605561975542	0.003223579102613291
270.3958364108846	0.0031287436299806174
275.4228703338169	0.0030358196695870207
280.5433637951716	0.0029411681237862214
285.75905433749494	0.0028447568743675176
291.0717118066608	0.002746553205998088
296.48313895243456	0.0026465237951216643
301.9951720402019	0.0025575683960971395
307.6096814740711	0.002478029512450659
313.3285724315589	0.002397011890552916
319.1537855100765	0.0023144880386072497
325.08729738543474	0.0022304299537063412
331.1311214825914	0.0021448091123299545
337.2873086588692	0.002066011153089908
343.557947899875	0.0020002459122696035
349.9451670283577	0.0019332580043367365
356.4511334262446	0.0018650246982125564
363.07805477010174	0.001795522840216006
369.8281797802666	0.0017247288462069598
376.7037989839093	0.0016549510072893464
383.70724549227924	0.001604708891033649
390.8408957924025	0.0015535327040979822
398.1071705534977	0.001501405080811864
405.50853544838435	0.001448308332652895
413.0475019901619	0.0013942244422444907
420.7266283844446	0.0013391350572420277
428.5485203974401	0.0012940473389944467
436.51583224016656	0.00125030523475987
444.6312674691093	0.0012057499040911647
452.89757990362136	0.001160366227980118
461.31757456038	0.0011141388063351685
469.89410860521605	0.0010670519527556765
478.63009232263903	0.0010277708423813044
487.528490103387	0.0009926375132124892
496.5923214503368	0.0009568510066874634
505.8246620031148	0.0009203991793325295
515.2286445817572	0.0008832696619099587
524.8074602497734	0.0008454498552207223
534.5643593969725	0.0008104714307043275
544.502652842422	0.000781115240834692
554.6257129579116	0.0007512132786473997
564.9369748123034	0.0007207553974775036
575.4399373371579	0.0006897312620194722
586.1381645140297	0.000658130344820097
597.0352865838378	0.0006269725637733177
608.1350012787188	0.0006052356224958423
619.4410750767825	0.0005830945613079677
630.9573444801943	0.0005605418670596195
642.6877173170208	0.0005375698869208343
654.6361740672761	0.0005141708257849177
666.8067692136233	0.0004903367436233211
679.2036326171857	0.0004720143290706009
691.8309709189363	0.00045399727320103
704.6930689671467	0.00043564525525419313
717.7942912713615	0.00041695204782013045
731.1390834834173	0.0003979113077126851
744.7319739059889	0.00037851657381706463
758.5775750291835	0.0003625166840370712
772.6805850957021	0.00034856865210315175
787.0457896950985	0.0003343613068949575
801.678063387679	0.000319889827418779
816.5823713585922	0.0003051493030519417
831.7637711026708	0.0002901347318764794
847.2274141405964	0.000276767776797653
862.9785477669702	0.00026606312287681634
879.0225168308842	0.00025515945458095244
895.3647655495937	0.00024405307195658678
912.0108393559096	0.000232740206262974
928.9663867799363	0.00022121701869324712
946.237161365793	0.00020257069556817284
963.8290236239706	0.00013628707170253949
981.7479430199844	0.00006877114326398733
