1.010120483274373065e-01,3.188107055930771150e-01
1.014912122928301186e-01,3.187992726907065144e-01
1.019726492356501785e-01,3.187877855548565398e-01
1.024563699380655613e-01,3.187762439282635918e-01
1.029423852333908596e-01,3.187646475524436029e-01
1.034307060063300587e-01,3.187529961676864310e-01
1.039213431932200643e-01,3.187412895130498636e-01
1.044143077822757559e-01,3.187295273263541229e-01
1.049096108138361100e-01,3.187177093441753706e-01
1.054072633806113213e-01,3.187058353018404899e-01
1.059072766279314376e-01,3.186939049334206464e-01
1.064096617539957157e-01,3.186819179717257922e-01
1.069144300101236567e-01,3.186698741482980601e-01
1.074215927010068183e-01,3.186577731934064905e-01
1.079311611849620295e-01,3.186456148360403695e-01
1.084431468741858945e-01,3.186333988039035670e-01
1.089575612350101447e-01,3.186211248234080973e-01
1.094744157881586966e-01,3.186087926196684017e-01
1.099937221090054457e-01,3.185964019164946870e-01
1.105154918278336007e-01,3.185839524363873743e-01
1.110397366300962391e-01,3.185714439005302157e-01
1.115664682566778199e-01,3.185588760287844656e-01
1.120956985041573206e-01,3.185462485396826082e-01
1.126274392250722900e-01,3.185335611504217512e-01
1.131617023281843298e-01,3.185208135768576865e-01
1.136984997787459373e-01,3.185080055334981730e-01
1.142378435987682073e-01,3.184951367334967753e-01
1.147797458672903809e-01,3.184822068886463686e-01
1.153242187206500735e-01,3.184692157093726439e-01
1.158712743527553490e-01,3.184561629047277242e-01
1.164209250153575709e-01,3.184430481823835035e-01
1.169731830183259463e-01,3.184298712486252070e-01
1.175280607299231950e-01,3.184166318083448410e-01
1.180855705770824660e-01,3.184033295650344764e-01
1.186457250456857820e-01,3.183899642207795311e-01
1.192085366808434688e-01,3.183765354762524979e-01
1.197740180871753879e-01,3.183630430307058390e-01
1.203421819290929756e-01,3.183494865819652686e-01
1.209130409310829463e-01,3.183358658264233143e-01
1.214866078779924252e-01,3.183221804590320447e-01
1.220628956153149980e-01,3.183084301732967969e-01
1.226419170494786742e-01,3.182946146612687932e-01
1.232236851481347123e-01,3.182807336135384246e-01
1.238082129404481230e-01,3.182667867192285338e-01
1.243955135173895749e-01,3.182527736659871986e-01
1.249856000320283822e-01,3.182386941399807379e-01
1.255784856998272692e-01,3.182245478258869387e-01
1.261741837989381887e-01,3.182103344068876183e-01
1.267727076704996958e-01,3.181960535646618515e-01
1.273740707189359722e-01,3.181817049793786434e-01
1.279782864122566699e-01,3.181672883296899346e-01
1.285853682823588640e-01,3.181528032927231076e-01
1.291953299253298937e-01,3.181382495440742697e-01
1.298081850017518413e-01,3.181236267578004262e-01
1.304239472370077590e-01,3.179876182771472215e-01
1.310426304215887294e-01,3.178215288158503515e-01
1.316642484114028955e-01,3.176546514873018756e-01
1.322888151280856572e-01,3.174869825541498103e-01
1.329163445593116721e-01,3.173185182613132427e-01
1.335468507591077991e-01,3.171492548358987862e-01
1.341803478481681244e-01,3.169791884871157039e-01
1.348168500141701531e-01,3.168083154061910323e-01
1.354563715120923606e-01,3.166366317662847596e-01
1.360989266645337981e-01,3.164641337224032847e-01
1.367445298620343919e-01,3.162908174113142068e-01
1.373931955633977686e-01,3.161166789514590070e-01
1.380449382960146076e-01,3.159417144428667279e-01
1.386997726561881861e-01,3.157659199670663219e-01
1.393577133094614229e-01,3.155892915869989435e-01
1.400187749909449497e-01,3.154118253469296862e-01
1.406829725056475688e-01,3.152335172723593204e-01
1.413503207288074326e-01,3.150543633699348645e-01
1.420208346062253602e-01,3.148743596273603784e-01
1.426945291545996808e-01,3.146935020133071470e-01
1.433714194618621873e-01,3.145117864773233629e-01
1.440515206875164766e-01,3.143292089497430886e-01
1.447348480629771506e-01,3.141457653415956064e-01
1.454214168919110151e-01,3.139614515445136589e-01
1.461112425505799173e-01,3.137762634306412446e-01
1.468043404881849145e-01,3.135901968525415251e-01
1.475007262272125252e-01,3.134032476431036218e-01
1.482004153637821176e-01,3.132154116154493573e-01
1.489034235679952967e-01,3.130266845628397743e-01
1.496097665842870128e-01,3.128370622585804894e-01
1.503194602317778072e-01,3.126465404559272687e-01
1.510325204046285008e-01,3.124551148879909923e-01
1.517489630723958538e-01,3.122627812676418424e-01
1.524688042803902521e-01,3.120695352874134909e-01
1.531920601500353085e-01,3.118753726194067322e-01
1.539187468792286573e-01,3.116802889151921163e-01
1.546488807427047196e-01,3.114842798057131379e-01
1.553824780923993287e-01,3.112873409011877590e-01
1.561195553578159090e-01,3.110894677910107653e-01
1.568601290463933207e-01,3.108906560436545119e-01
1.576042157438757307e-01,3.106909012065697251e-01
1.583518321146839269e-01,3.104901988060860263e-01
1.591029949022884915e-01,3.102885443473115679e-01
1.598577209295850288e-01,3.100859333140323915e-01
1.606160270992705863e-01,3.098823611686111201e-01
1.613779303942226018e-01,3.096778233518856505e-01
1.621434478778788213e-01,3.094723152830669566e-01
1.629125966946197157e-01,3.092658323596363390e-01
1.636853940701525068e-01,3.090583699572423959e-01
1.644618573118966087e-01,3.088499234295976059e-01
1.652420038093717070e-01,3.086404881083740226e-01
1.660258510345867800e-01,3.084300593030991355e-01
1.668134165424316195e-01,3.082186323010502882e-01
1.676047179710700163e-01,3.082026118552897431e-01
1.683997730423346662e-01,3.083122678684875884e-01
1.691985995621241579e-01,3.084224440494376385e-01
1.700012154208016268e-01,3.085331428656240549e-01
1.708076385935955455e-01,3.086443667962359694e-01
1.716178871410022899e-01,3.087561183322229397e-01
1.724319792091905668e-01,3.088683999763505161e-01
1.732499330304078100e-01,3.089812142432565856e-01
1.740717669233884657e-01,3.090945636595075485e-01
1.748974992937643580e-01,3.092084507636547741e-01
1.757271486344769151e-01,3.093228781062917210e-01
1.765607335261912270e-01,3.094378482501107808e-01
1.773982726377121844e-01,3.095533637699610652e-01
1.782397847264025614e-01,3.096694272529055270e-01
1.790852886386033738e-01,3.097860412982794132e-01
1.799348033100554300e-01,3.099032085177481077e-01
1.807883477663240479e-01,3.100209315353659179e-01
1.816459411232246024e-01,3.101392129876345827e-01
1.825076025872508223e-01,3.102580555235624482e-01
1.833733514560052236e-01,3.103774618047238643e-01
1.842432071186307363e-01,3.104974345053185814e-01
1.851171890562455236e-01,3.106179763122318693e-01
1.859953168423788272e-01,3.107390899250946359e-01
1.868776101434094783e-01,3.108607780563436562e-01
1.877640887190065166e-01,3.109830434312826908e-01
1.886547724225714484e-01,3.111058887881432145e-01
1.895496812016831401e-01,3.112293168781459785e-01
1.904488350985442946e-01,3.113533304655624612e-01
1.913522542504304258e-01,3.114779323277767076e-01
1.922599588901410250e-01,3.116031252553478903e-01
1.931719693464524490e-01,3.117289120520723711e-01
1.940883060445732777e-01,3.118552955350467615e-01
1.950089895066017265e-01,3.119822785347309280e-01
1.959340403519853058e-01,3.121098638950113857e-01
1.968634792979826742e-01,3.122380544732650809e-01
1.977973271601274896e-01,3.123668531404232285e-01
1.987356048526946195e-01,3.124962627810357052e-01
1.996783333891685164e-01,3.126262862933355535e-01
2.006255338827138690e-01,3.127569265893040962e-01
2.015772275466485575e-01,3.128881865947359397e-01
2.025334356949185788e-01,3.130200692493045889e-01
2.034941797425753873e-01,3.131525775066282824e-01
2.044594812062555667e-01,3.132857143343362738e-01
2.054293617046627218e-01,3.134194827141348894e-01
2.064038429590516477e-01,3.135538856418747522e-01
2.073829467937148008e-01,3.136889261276176732e-01
2.083666951364709641e-01,3.138246071957040972e-01
2.093551100191564096e-01,3.139609318848207153e-01
2.103482135781185036e-01,3.140979032480688549e-01
2.113460280547110048e-01,3.142355243530324249e-01
2.123485757957927766e-01,3.143737982818468613e-01
2.133558792542277482e-01,3.145127281312681267e-01
2.143679609893879567e-01,3.146523170127422109e-01
2.153848436676590039e-01,3.147925680524744640e-01
2.164065500629471783e-01,3.149334843914997628e-01
2.174331030571900747e-01,3.150750691857530650e-01
2.184645256408686009e-01,3.152173256061398532e-01
2.195008409135220662e-01,3.153602568386073002e-01
2.205420720842655447e-01,3.155038660842153231e-01
2.215882424723096267e-01,3.156481565592086369e-01
2.226393755074825842e-01,3.157931314950886970e-01
2.236954947307551456e-01,3.159387941386858634e-01
2.247566237947677681e-01,3.160851477522323982e-01
2.258227864643603255e-01,3.162321956134352408e-01
2.268940066171044878e-01,3.163799410155498371e-01
2.279703082438380990e-01,3.165283872674531929e-01
2.290517154492028029e-01,3.165733669682374019e-01
2.301382524521837503e-01,3.165619791367521585e-01
2.312299435866521091e-01,3.165505372855871302e-01
2.323268133019100457e-01,3.165390411584931285e-01
2.334288861632380363e-01,3.165274904980048820e-01
2.345361868524452331e-01,3.165158850454362072e-01
2.356487401684222716e-01,3.165042245408736243e-01
2.367665710276965485e-01,3.164925087231705847e-01
2.378897044649904147e-01,3.164807373299421411e-01
2.390181656337815874e-01,3.164689100975582869e-01
2.401519798068665612e-01,3.164570267611386822e-01
2.412911723769268768e-01,3.164450870545465477e-01
2.424357688570974445e-01,3.164330907103823920e-01
2.435857948815381979e-01,3.164210374599784603e-01
2.447412762060080516e-01,3.164089270333926285e-01
2.459022387084416061e-01,3.163967591594019635e-01
2.470687083895291014e-01,3.163845335654972279e-01
2.482407113732984227e-01,3.163722499778763853e-01
2.494182739077000777e-01,3.163599081214385489e-01
2.506014223651953365e-01,3.163475077197779872e-01
2.517901832433465659e-01,3.163350484951777397e-01
2.529845831654110033e-01,3.163225301686032886e-01
2.541846488809367255e-01,3.163099524596967305e-01
2.553904072663618074e-01,3.162973150867701699e-01
2.566018853256161747e-01,3.162846177667994474e-01
2.578191101907265637e-01,3.162718602154177550e-01
2.590421091224240357e-01,3.162590421469096413e-01
2.602709095107545445e-01,3.162461632742040174e-01
2.615055388756923338e-01,3.162332233088681055e-01
2.627460248677561672e-01,3.162202219611011667e-01
2.639923952686286657e-01,3.162071589397272842e-01
2.652446779917788100e-01,3.161940339521898680e-01
2.665029010830866074e-01,3.161808467045439386e-01
2.677670927214713115e-01,3.161675969014507426e-01
2.690372812195227503e-01,3.161542842461700364e-01
2.703134950241350420e-01,3.161409084405543690e-01
2.715957627171441402e-01,3.161274691850416985e-01
2.728841130159677109e-01,3.161139661786491195e-01
2.741785747742480073e-01,3.161003991189659246e-01
2.754791769824985193e-01,3.160867677021469424e-01
2.767859487687531206e-01,3.160730716229054882e-01
2.780989193992181585e-01,3.160593105745069242e-01
2.794181182789283180e-01,3.160454842487613880e-01
2.807435749524048174e-01,3.160315923360173529e-01
2.820753191043170460e-01,3.160176345251541896e-01
2.834133805601478096e-01,3.160036105035753384e-01
2.847577892868610183e-01,3.159895199572017588e-01
2.861085753935725950e-01,3.159753625704641578e-01
2.874657691322252129e-01,3.159611380262965508e-01
2.888294008982654204e-01,3.159468460061287676e-01
2.901995012313248745e-01,3.159324861898795134e-01
2.915761008159037937e-01,3.159180582559491524e-01
2.929592304820584081e-01,3.159035618812124913e-01
2.943489212060913518e-01,3.160072406298148340e-01
2.957452041112454411e-01,3.162541408219236017e-01
2.971481104684007835e-01,3.165022122176369690e-01
2.985576716967750510e-01,3.167514603727135669e-01
2.999739193646268620e-01,3.170018908692665560e-01
3.013968851899633261e-01,3.172535093158885822e-01
3.028266010412498654e-01,3.175063213477773427e-01
3.042630989381243101e-01,3.177603326268619299e-01
3.057064110521139355e-01,3.180155488419294518e-01
3.071565697073557200e-01,3.182719757087526524e-01
3.086136073813205427e-01,3.185296189702175318e-01
3.100775567055403248e-01,3.187884843964525206e-01
3.115484504663391108e-01,3.190485777849572657e-01
3.130263216055672038e-01,3.193099049607327489e-01
3.145112032213388531e-01,3.195724717764113487e-01
3.160031285687734948e-01,3.198362841123884026e-01
3.175021310607407665e-01,3.201013478769536014e-01
3.190082442686085207e-01,3.203676690064234944e-01
3.205215019229948892e-01,3.206352534652741060e-01
3.220419379145236793e-01,3.209041072462749389e-01
3.235695862945831558e-01,3.211742363706228676e-01
3.251044812760891523e-01,3.214456468880773077e-01
3.266466572342505703e-01,3.217183448770952192e-01
3.281961487073400963e-01,3.219923364449676639e-01
3.297529903974668053e-01,3.222676277279564738e-01
3.313172171713542058e-01,3.225442248914316412e-01
3.328888640611205041e-01,3.228221341300093195e-01
3.344679662650632546e-01,3.231013616676907119e-01
3.360545591484480621e-01,3.233819137580014602e-01
3.376486782443001156e-01,3.236637966841314218e-01
3.392503592542003288e-01,3.239470167590758343e-01
3.408596380490846456e-01,3.242315803257762585e-01
3.424765506700475637e-01,3.245174937572629648e-01
3.441011333291494334e-01,3.248047634567974851e-01
3.457334224102269205e-01,3.249702322465906623e-01
3.473734544697085758e-01,3.249580543147236322e-01
3.490212662374330699e-01,3.249458186152316408e-01
3.506768946174717017e-01,3.249335248740863324e-01
3.523403766889555144e-01,3.249211728159595025e-01
3.540117497069047992e-01,3.249087621642168244e-01
3.556910511030643707e-01,3.248962926409117991e-01
3.573783184867412310e-01,3.248837639667794264e-01
3.590735896456471732e-01,3.248711758612298772e-01
3.607769025467449930e-01,3.248585280423424981e-01
3.624882953370985872e-01,3.248458202268590944e-01
3.642078063447278247e-01,3.248330521301780460e-01
3.659354740794661942e-01,3.248202234663473686e-01
3.676713372338240582e-01,3.248073339480589405e-01
3.694154346838545155e-01,3.247943832866416192e-01
3.711678054900243717e-01,3.247813711920548019e-01
3.729284888980890500e-01,3.247682973728822087e-01
3.746975243399711664e-01,3.247551615363251654e-01
3.764749514346442116e-01,3.247419633881960532e-01
3.782608099890190645e-01,3.247287026329117032e-01
3.800551399988363888e-01,3.247153789734866791e-01
3.818579816495614732e-01,3.247019921115270602e-01
3.836693753172848442e-01,3.246885417472232804e-01
3.854893615696265985e-01,3.246750275793435225e-01
3.873179811666441208e-01,3.246614493052271122e-01
3.891552750617461309e-01,3.246478066207778013e-01
3.910012844026087286e-01,3.246340992204566067e-01
3.928560505320976559e-01,3.246203267972752049e-01
3.947196149891940564e-01,3.246064890427891592e-01
3.965920195099245094e-01,3.245925856470907034e-01
3.984733060282962258e-01,3.245786162988022472e-01
4.003635166772355758e-01,3.245645806850689374e-01
4.022626937895321664e-01,3.245504784915518859e-01
4.041708798987869167e-01,3.245363094024210637e-01
4.060881177403641851e-01,3.245220731003483627e-01
4.080144502523495031e-01,3.245077692665003233e-01
4.099499205765105292e-01,3.245404531087695554e-01
4.118945720592639415e-01,3.247256287387359497e-01
4.138484482526455510e-01,3.249116827737106306e-01
4.158115929152859658e-01,3.250986193805235347e-01
4.177840500133910839e-01,3.252864427457705099e-01
4.197658637217256961e-01,3.254751570759071289e-01
4.217570784246039706e-01,3.256647665973426142e-01
4.237577387168824372e-01,3.258552755565350956e-01
4.257678894049594098e-01,3.260466882200860339e-01
4.277875755077784059e-01,3.262390088748360895e-01
4.298168422578359515e-01,3.264322418279612670e-01
4.318557351021951596e-01,3.266263914070691721e-01
4.339042997035030269e-01,3.268214619602960447e-01
4.359625819410135605e-01,3.270174578564038481e-01
4.380306279116149004e-01,3.272143834848785793e-01
4.401084839308617713e-01,3.274122432560282459e-01
4.421961965340131528e-01,3.276110416010818427e-01
4.442938124770738351e-01,3.278107829722882172e-01
4.464013787378421361e-01,3.280114718430164333e-01
4.485189425169615607e-01,3.282131127078552479e-01
4.506465512389780659e-01,3.284157100827141962e-01
4.527842525534024332e-01,3.286192685049246220e-01
4.549320943357768599e-01,3.288237925333414302e-01
4.570901246887479341e-01,3.290292867484447825e-01
4.592583919431429962e-01,3.292357557524431266e-01
4.614369446590532164e-01,3.294432041693761692e-01
4.636258316269211144e-01,3.296516366452181823e-01
4.658251018686329070e-01,3.298610578479823086e-01
4.680348046386167971e-01,3.300714724678251444e-01
4.702549894249454798e-01,3.302828852171513230e-01
4.724857059504454226e-01,3.304953008307198181e-01
4.747270041738093638e-01,3.307087240657491933e-01
4.769789342907157503e-01,3.309231597020247384e-01
4.792415467349532276e-01,3.311386125420052728e-01
4.815148921795492365e-01,3.313550874109304489e-01
4.837990215379059378e-01,3.315725891569294981e-01
4.860939859649395234e-01,3.317911226511290335e-01
4.883998368582262439e-01,3.320106927877626846e-01
4.907166258591539876e-01,3.322313044842803986e-01
4.930444048540778557e-01,3.324529626814588523e-01
4.953832259754830658e-01,3.326756723435118634e-01
4.977331416031519074e-01,3.328994384582016908e-01
5.000942043653373581e-01,3.331242660369505559e-01
5.024664671399411420e-01,3.333501601149532201e-01
5.048499830556982815e-01,3.335771257512893384e-01
5.072448054933673678e-01,3.335509864829176441e-01
5.096509880869251052e-01,3.333185398949275458e-01
5.120685847247685718e-01,3.330849906659090198e-01
5.144976495509212544e-01,3.328503335653391071e-01
5.169382369662456345e-01,3.326145633378831401e-01
5.193904016296626569e-01,3.323776747032768375e-01
5.218541984593743077e-01,3.321396623562086203e-01
5.243296826340948513e-01,3.319005209662002076e-01
5.268169095942856206e-01,3.316602451774877114e-01
5.293159350433974675e-01,3.314188296089012886e-01
5.318268149491176544e-01,3.311762688537448485e-01
5.343496055446235182e-01,3.309325574796749825e-01
5.368843633298420182e-01,3.306876900285792287e-01
5.394311450727149460e-01,3.304416610164537804e-01
5.419900078104703534e-01,3.301944649332808623e-01
5.445610088508997526e-01,3.299460962429051070e-01
5.471442057736416453e-01,3.296965493829097094e-01
5.497396564314716016e-01,3.294458187644916936e-01
5.523474189515967803e-01,3.291938987723371235e-01
5.549675517369592193e-01,3.289407837644946486e-01
5.576001134675423465e-01,3.286864680722501042e-01
5.602451631016858169e-01,3.284309459999987246e-01
5.629027598774065666e-01,3.281742118251177454e-01
5.655729633137241974e-01,3.279162597978388383e-01
5.682558332119950206e-01,3.276570841411184376e-01
5.709514296572507641e-01,3.273966790505091207e-01
5.736598130195447176e-01,3.271350386940291011e-01
5.763810439553030962e-01,3.268721572120319441e-01
5.791151834086839534e-01,3.266080287170751717e-01
5.818622926129423112e-01,3.263426472937883682e-01
5.846224330918006196e-01,3.260760069987410081e-01
5.873956666608279864e-01,3.258081018603088963e-01
5.901820554288230714e-01,3.255389258785406081e-01
5.929816617992061945e-01,3.252684730250234857e-01
5.957945484714166628e-01,3.249967372427479129e-01
5.986207784423163147e-01,3.247237124459723678e-01
6.014604150076016120e-01,3.244493925200864770e-01
6.043135217632196188e-01,3.241737713214747907e-01
6.071801626067941937e-01,3.238968426773784492e-01
6.100604017390551803e-01,3.236186003857576265e-01
6.129543036652772559e-01,3.234053036513779289e-01
6.158619331967245536e-01,3.236576555195960214e-01
6.187833554521017243e-01,3.239112044521628708e-01
6.217186358590129913e-01,3.241659561275109791e-01
6.246678401554265347e-01,3.244219162510093568e-01
6.276310343911474243e-01,3.246790905550909767e-01
6.306082849292969916e-01,3.249374847993815596e-01
6.335996584477983085e-01,3.251971047708282492e-01
6.366052219408703250e-01,3.254579562838293416e-01
6.396250427205277811e-01,3.257200451803645702e-01
6.426591884180885561e-01,3.259833773301257787e-01
6.457077269856892343e-01,3.262479586306486490e-01
6.487707266978056664e-01,3.265137950074442630e-01
6.518482561527830788e-01,3.267808924141325511e-01
6.549403842743717341e-01,3.270492568325748528e-01
6.580471803132711406e-01,3.273188942730084761e-01
6.611687138486803672e-01,3.275898107741810894e-01
6.643050547898562419e-01,3.278620124034858363e-01
6.674562733776802093e-01,3.281355052570973929e-01
6.706224401862298512e-01,3.284102954601085256e-01
6.738036261243607328e-01,3.286863891666670923e-01
6.769999024372933549e-01,3.289637925601138768e-01
6.802113407082097662e-01,3.292425118531214778e-01
6.834380128598561699e-01,3.295225532878326424e-01
6.866799911561535241e-01,3.298039231360009871e-01
6.899373482038168026e-01,3.300866276991307746e-01
6.932101569539798058e-01,3.303706733086183567e-01
6.964984907038302975e-01,3.306560663258938937e-01
6.998024230982504701e-01,3.309428131425639075e-01
7.031220281314667364e-01,3.312309201805541670e-01
7.064573801487071814e-01,3.315203938922537952e-01
7.098085538478657863e-01,3.318112407606597092e-01
7.131756242811766455e-01,3.321034672995216708e-01
7.165586668568932893e-01,3.323970800534883918e-01
7.199577573409781106e-01,3.326674431989862790e-01
7.233729718588003399e-01,3.326545356694774469e-01
7.268043868968386834e-01,3.326415669114010654e-01
7.302520793043966174e-01,3.326285366343113559e-01
7.337161262953216800e-01,3.326154445463848086e-01
7.371966054497356424e-01,3.326022903544135767e-01
7.406935947157722300e-01,3.325890737637988148e-01
7.442071724113217268e-01,3.325757944785445175e-01
7.477374172257862384e-01,3.325624522012503026e-01
7.512844082218409492e-01,3.325490466331050277e-01
7.548482248372059278e-01,3.325355774738804060e-01
7.584289468864238160e-01,3.325220444219236793e-01
7.620266545626482868e-01,3.325084471741511227e-01
7.656414284394401637e-01,3.324947854260416058e-01
7.692733494725708665e-01,3.324810588716292092e-01
7.729224990018370711e-01,3.324672672034966747e-01
7.765889587528809201e-01,3.324534101127685770e-01
7.802728108390206696e-01,3.324394872891040520e-01
7.839741377630908836e-01,3.324254984206903574e-01
7.876930224192880692e-01,3.324114431942355452e-01
7.914295480950291894e-01,3.323973212949614120e-01
7.951837984728152842e-01,3.323831324065967263e-01
7.989558576321073025e-01,3.319536508176212375e-01
8.027458100512072647e-01,3.314193233699452290e-01
8.065537406091514150e-01,3.308824612695928091e-01
8.103797345876113667e-01,3.303430524931048051e-01
8.142238776728030203e-01,3.298010849599875005e-01
8.180862559574064719e-01,3.292565465324412965e-01
8.219669559424935823e-01,3.287094250150898178e-01
8.258660645394654276e-01,3.281597081547060757e-01
8.297836690719991859e-01,3.276073836399381878e-01
8.337198572780026851e-01,3.270524391010339871e-01
8.376747173115809408e-01,3.264948621095635772e-01
8.416483377450086900e-01,3.259346401781413327e-01
8.456408075707158023e-01,3.253717607601458450e-01
8.496522162032789094e-01,3.248062112494393139e-01
8.536826534814243583e-01,3.242379789800851064e-01
8.577322096700409348e-01,3.236670512260638732e-01
8.618009754622002472e-01,3.230934152009888316e-01
8.658890419811888783e-01,3.225170580578192725e-01
8.699965007825484209e-01,3.219379668885729018e-01
8.741234438561260589e-01,3.213561287240366271e-01
8.782699636281358080e-01,3.207715305334761791e-01
8.824361529632265277e-01,3.201841592243443446e-01
8.866221051665637010e-01,3.195940016419876462e-01
8.908279139859175411e-01,3.190010445693518548e-01
8.950536736137632010e-01,3.184052747266857830e-01
8.992994786893907522e-01,3.178066787712440222e-01
9.035654243010236009e-01,3.172052432969881819e-01
9.078516059879493394e-01,3.166009548342864077e-01
9.121581197426578136e-01,3.159937998496120670e-01
9.164850620129931791e-01,3.153837647452403248e-01
9.208325297043115087e-01,3.147708358589437205e-01
9.252006201816525000e-01,3.141549994636863574e-01
9.295894312719203967e-01,3.135362417673161484e-01
9.339990612660731273e-01,3.129145489122562851e-01
9.384296089213259862e-01,3.127542052858950372e-01
9.428811734633611996e-01,3.127423426058195122e-01
9.473538545885511475e-01,3.127304236535574655e-01
9.518477524661919098e-01,3.127184481621743117e-01
9.563629677407446961e-01,3.127064158634693669e-01
9.608996015340921515e-01,3.126943264879695761e-01
9.654577554478006585e-01,3.126821797649235735e-01
9.700375315653981811e-01,3.126699754222957983e-01
9.746390324546587713e-01,3.126577131867601667e-01
9.792623611698998420e-01,3.126453927836939650e-01
9.839076212542916533e-01,3.126330139371719663e-01
9.885749167421737926e-01,3.126205763699598239e-01
9.932643521613878645e-01,3.126080798035082431e-01
9.979760325356160644e-01,3.125955239579465417e-01
1.002710063386734296e+00,3.125829085520764883e-01
1.007466550737175837e+00,3.125702333033658631e-01
1.012245601112305327e+00,3.125574979279422960e-01
1.017047321542804195e+00,3.125447021405868275e-01
1.021871819567068185e+00,3.125318456547274137e-01
1.026719203233615652e+00,3.125189281824327647e-01
1.031589581103506736e+00,3.125059494344056277e-01
1.036483062252776755e+00,3.124929091199765696e-01
1.041399756274876021e+00,3.124798069470972051e-01
1.046339773283126773e+00,3.124666426223338123e-01
1.051303223913187646e+00,3.124534158508607273e-01
1.056290219325531909e+00,3.124401263364537940e-01
1.061300871207939034e+00,3.124267737814835910e-01
1.066335291777992023e+00,3.124133578869089378e-01
1.071393593785593845e+00,3.123998783522700662e-01
1.076475890515490530e+00,3.123863348756819036e-01
1.081582295789811132e+00,3.123727271538274120e-01
1.086712923970613476e+00,3.123590548819507040e-01
1.091867889962446769e+00,3.123467415253546320e-01
1.097047309214925992e+00,3.123346410787906646e-01
1.102251297725315382e+00,3.123224832321634392e-01
1.107479972041129468e+00,3.123102677131882610e-01
1.112733449262739205e+00,3.122979942482887461e-01
1.118011847045997875e+00,3.122856625625907712e-01
1.123315283604874093e+00,3.122732723799162557e-01
1.128643877714099686e+00,3.122608234227770563e-01
1.133997748711832232e+00,3.122483154123688598e-01
1.139377016502322926e+00,3.122357480685646336e-01
1.144781801558605983e+00,3.122231211099085746e-01
1.150212224925195148e+00,3.122104342536097810e-01
1.155668408220793975e+00,3.121976872155359795e-01
1.161150473641022307e+00,3.121848797102068640e-01
1.166658543961149208e+00,3.121720114507881561e-01
1.172192742538844756e+00,3.121590821490847212e-01
1.177753193316942948e+00,3.121460915155344629e-01
1.183340020826215921e+00,3.121330392592017167e-01
1.188953350188165725e+00,3.121199250877706444e-01
1.194593307117823189e+00,3.121067487075388502e-01
1.200260017926565448e+00,3.120935098234107197e-01
1.205953609524944348e+00,3.120802081388906468e-01
1.211674209425527948e+00,3.120668433560768729e-01
1.217421945745758904e+00,3.120540462422655148e-01
1.223196947210819951e+00,3.120420116840948443e-01
1.228999343156519375e+00,3.120299200384112348e-01
1.234829263532186250e+00,3.120177710344125832e-01
1.240686838903583444e+00,3.120055644000121475e-01
1.246572200455827506e+00,3.119932998618324405e-01
1.252485479996329643e+00,3.119809771451993452e-01
1.258426809957747139e+00,3.119685959741356762e-01
1.264396323400948319e+00,3.119561560713551840e-01
1.270394154017994826e+00,3.119436571582561712e-01
1.276420436135132785e+00,3.119310989549153312e-01
1.282475304715802844e+00,3.119184811800817525e-01
1.288558895363662860e+00,3.119058035511701465e-01
1.294671344325623474e+00,3.118930657842547416e-01
1.300812788494903005e+00,3.118802675940630653e-01
1.306983365414088105e+00,3.118674086939693391e-01
1.313183213278217965e+00,3.118544887959880940e-01
1.319412470937878279e+00,3.118415076107677875e-01
1.325671277902309653e+00,3.118284648475844190e-01
1.331959774342535763e+00,3.118153602143347580e-01
1.338278101094497297e+00,3.118021934175299603e-01
1.344626399662210092e+00,3.117889641622890728e-01
1.351004812220932605e+00,3.117756721523322061e-01
1.357413481620349582e+00,3.117623170899741503e-01
1.363852551387774392e+00,3.117488986761174363e-01
1.370322165731359343e+00,3.111721375131949463e-01
1.376822469543326877e+00,3.105720750327405910e-01
1.383353608403215862e+00,3.099691660768174595e-01
1.389915728581139431e+00,3.093633971427940388e-01
1.396508977041064803e+00,3.087547546639870522e-01
1.403133501444099762e+00,3.081432250093581460e-01
1.409789450151802903e+00,3.075287944832083009e-01
1.416476972229504527e+00,3.069114493248711883e-01
1.423196217449648637e+00,3.062911757084046394e-01
1.429947336295141813e+00,3.056679597422816141e-01
1.436730479962726958e+00,3.050417874690787290e-01
1.443545800366369036e+00,3.044126448651636729e-01
1.450393450140655682e+00,3.037805178403812367e-01
1.457273582644219578e+00,3.031453922377375654e-01
1.464186351963167487e+00,3.025072538330834115e-01
1.471131912914535045e+00,3.018660883347952795e-01
1.478110421049752876e+00,3.012218813834555697e-01
1.485122032658129587e+00,3.005746185515309477e-01
1.492166904770354519e+00,2.999242853430488798e-01
1.499245195162011601e+00,2.992708671932735043e-01
1.506357062357113419e+00,2.986143494683792254e-01
1.513502665631653032e+00,2.979547174651229202e-01
1.520682165017169352e+00,2.972919564105147572e-01
1.527895721304333820e+00,2.966260514614870725e-01
1.535143496046547762e+00,2.959569877045623576e-01
1.542425651563563038e+00,2.952847501555190268e-01
1.549742350945116254e+00,2.946093237590557967e-01
1.557093758054581389e+00,2.939306933884547335e-01
1.564480037532641976e+00,2.933372270289998363e-01
1.571901354800974371e+00,2.930220793579169647e-01
1.579357876065954791e+00,2.927054367423174708e-01
1.586849768322381671e+00,2.923872920907349959e-01
1.594377199357214003e+00,2.920676382780638680e-01
1.601940337753332999e+00,2.917464681453995623e-01
1.609539352893313069e+00,2.914237744998782742e-01
1.617174414963217233e+00,2.910995501145159925e-01
1.624845694956408071e+00,2.907737877280465733e-01
1.632553364677379992e+00,2.904464800447589812e-01
1.640297596745602604e+00,2.901176197343340868e-01
1.648078564599389173e+00,2.897871994316804090e-01
1.655896442499780408e+00,2.894552117367691912e-01
1.663751405534446892e+00,2.891216492144686456e-01
1.671643629621612614e+00,2.887865043943775301e-01
1.679573291513990707e+00,2.884497697706576713e-01
1.687540568802744501e+00,2.881114378018660438e-01
1.695545639921465009e+00,2.877715009107857935e-01
1.703588684150165067e+00,2.874299514842563741e-01
1.711669881619299005e+00,2.870867818730034604e-01
1.719789413313790538e+00,2.867419843914671973e-01
1.727947461077090630e+00,2.863955513176303369e-01
1.736144207615248236e+00,2.860474748928452660e-01
1.744379836501002146e+00,2.856977473216602004e-01
1.752654532177894353e+00,2.853463607716443251e-01
1.760968479964397426e+00,2.849933073732131561e-01
1.769321866058066961e+00,2.846385792194513487e-01
1.777714877539711358e+00,2.839296552419243724e-01
1.786147702377580249e+00,2.830204778857022263e-01
1.794620529431578682e+00,2.821069877268542192e-01
1.803133548457490187e+00,2.811891643070328906e-01
1.811686950111231598e+00,2.802669870708435207e-01
1.820280925953120521e+00,2.793404353653843875e-01
1.828915668452165466e+00,2.784094884397839142e-01
1.837591370990379724e+00,2.774741254447359862e-01
1.846308227867107465e+00,2.765343254320331012e-01
1.855066434303377365e+00,2.755900673540972456e-01
1.863866186446274664e+00,2.746413300635084376e-01
1.872707681373336541e+00,2.736880923125308285e-01
1.881591117096961030e+00,2.727303327526375831e-01
1.890516692568844359e+00,2.717680299340319849e-01
1.899484607684436721e+00,2.708011623051675976e-01
1.908495063287418247e+00,2.698297082122652624e-01
1.917548261174199409e+00,2.688536458988282085e-01
1.926644404098436736e+00,2.678729535051549426e-01
1.935783695775575186e+00,2.668876090678496404e-01
1.944966340887412271e+00,2.658975905193300959e-01
1.954192545086678168e+00,2.649028756873338386e-01
1.963462515001647812e+00,2.639034422944209757e-01
1.972776458240761199e+00,2.628992679574759239e-01
1.982134583397277439e+00,2.618903301872058109e-01
1.991537100053945242e+00,2.608766063876368779e-01
2.000984218787695834e+00,2.598829416650537127e-01
2.010476151174362514e+00,2.590891092566102727e-01
2.020013109793413975e+00,2.582915111995042201e-01
2.029595308232718054e+00,2.574901296308848564e-01
2.039222961093325015e+00,2.566849466031665972e-01
2.048896283994273038e+00,2.558759440836271826e-01
2.058615493577419464e+00,2.550631039540036671e-01
2.068380807512288921e+00,2.542464080100867996e-01
2.078192444500950753e+00,2.534258379613132384e-01
2.088050624282915990e+00,2.526013754303559899e-01
2.097955567640058749e+00,2.517730019527129048e-01
2.107907496401563385e+00,2.509406989762925644e-01
2.117906633448888076e+00,2.501044478609997790e-01
2.127953202720758163e+00,2.492642298783173671e-01
2.138047429218182582e+00,2.484200262108870738e-01
2.148189539009493387e+00,2.475718179520879081e-01
2.158379759235406148e+00,2.467195861056128148e-01
2.168618318114108767e+00,2.458633115850433759e-01
2.178905444946372061e+00,2.450029752134220973e-01
2.189241370120684316e+00,2.441385577228233350e-01
2.199626325118414716e+00,2.432700397539210857e-01
2.210060542518992310e+00,2.423974018555561105e-01
2.220544256005118733e+00,2.415206244842999506e-01
2.231077700367999128e+00,2.406396880040173603e-01
2.241661111512601057e+00,2.397545726854265480e-01
2.252294726462942265e+00,2.388652587056570575e-01
2.262978783367391333e+00,2.379717261478061785e-01
2.273713521504006518e+00,2.368668698145741935e-01
2.284499181285891911e+00,2.355582781211439936e-01
2.295336004266582908e+00,2.342434789505339066e-01
2.306224233145459657e+00,2.329224428567573391e-01
2.317164111773173829e+00,2.315951402541474302e-01
2.328155885157117133e+00,2.302615414166935548e-01
2.339199799466906260e+00,2.289216164773758000e-01
2.350296102039894031e+00,2.275753354274962503e-01
2.361445041386714738e+00,2.262226681160064423e-01
2.372646867196841480e+00,2.248635842488328207e-01
2.383901830344183903e+00,2.234980533881977538e-01
2.395210182892703266e+00,2.221260449519381341e-01
2.406572178102064807e+00,2.207475282128198157e-01
2.417988070433298553e+00,2.193624722978506081e-01
2.429458115554506303e+00,2.179708461875879133e-01
2.440982570346585057e+00,2.165726187154443372e-01
2.452561692908979296e+00,2.151677585669898585e-01
2.464195742565465252e+00,2.137562342792498071e-01
2.475884979869952485e+00,2.123380142400013160e-01
2.487629666612323653e+00,2.109130666870645265e-01
2.499430065824295610e+00,2.094813597075914635e-01
2.511286441785309798e+00,2.080428612373517172e-01
2.523199060028456397e+00,2.065975390600132411e-01
2.535168187346412694e+00,2.051453608064221501e-01
2.547194091797423177e+00,2.036862939538770789e-01
2.559277042711302297e+00,2.022203058254008756e-01
2.571417310695464309e+00,2.007473635890091035e-01
2.583615167640989529e+00,1.992674342569739354e-01
2.595870886728705251e+00,1.977804846850864384e-01
2.608184742435310621e+00,1.962864815719134182e-01
2.620557010539519283e+00,1.947853914580522094e-01
2.632987968128237100e+00,1.932771807253810536e-01
2.645477893602772745e+00,1.918229072673548752e-01
2.658027066685063389e+00,1.904035472131885565e-01
2.670635768423946121e+00,1.889774542375228517e-01
2.683304281201448926e+00,1.875445964018572775e-01
2.696032888739116729e+00,1.861049416161868753e-01
2.708821876104367199e+00,1.846584576382830911e-01
2.721671529716869653e+00,1.832051120729726867e-01
2.734582137354965248e+00,1.817448723714112091e-01
2.747553988162105831e+00,1.802777058303549340e-01
2.760587372653339866e+00,1.788035795914273141e-01
2.773682582721806344e+00,1.773224606403844272e-01
2.786839911645280221e+00,1.758343158063745693e-01
2.800059654092738270e+00,1.743391117611958474e-01
2.813342106130956477e+00,1.728368150185497498e-01
2.826687565231146948e+00,1.713273919332906903e-01
2.840096330275611702e+00,1.698108087006733324e-01
2.853568701564441312e+00,1.682870313555949182e-01
2.867104980822239746e+00,1.667560257718347927e-01
2.880705471204879853e+00,1.652177576612901544e-01
2.894370477306299261e+00,1.636721925732075866e-01
2.908100305165311816e+00,1.621192958934125072e-01
2.921895262272468763e+00,1.607277313005637809e-01
2.935755657576943012e+00,1.596950909603485069e-01
2.949681801493447608e+00,1.586575521545696976e-01
2.963674005909192388e+00,1.576150916467100871e-01
2.977732584190861953e+00,1.565676860900272749e-01
2.991857851191637163e+00,1.555153120270303668e-01
3.006050123258247719e+00,1.544579458889547841e-01
3.020309718238053165e+00,1.533955639952345185e-01
3.034636955486169629e+00,1.523281425529713073e-01
3.049032155872610783e+00,1.512556576564024757e-01
3.063495641789481194e+00,1.501780852863651428e-01
3.078027737158194999e+00,1.490954013097584019e-01
3.092628767436728321e+00,1.480075814790028088e-01
3.107299059626916105e+00,1.469146014314970106e-01
3.122038942281763596e+00,1.458164366890728203e-01
3.136848745512812009e+00,1.447130626574465451e-01
3.151728800997529500e+00,1.436044546256683152e-01
3.166679441986743893e+00,1.424905877655683328e-01
3.181701003312098486e+00,1.413714371312013718e-01
3.196793821393554946e+00,1.402469776582877803e-01
3.211958234246928168e+00,1.391171841636522077e-01
3.227194581491454439e+00,1.379820313446595559e-01
3.242503204357402247e+00,1.368414937786482100e-01
3.257884445693707054e+00,1.356955459223609939e-01
3.273338649975654491e+00,1.345441621113729058e-01
3.288866163312594182e+00,1.333873165595163002e-01
3.304467333455689548e+00,1.322249833583036271e-01
3.320142509805712905e+00,1.310571364763465085e-01
3.335892043420858766e+00,1.298376223054073797e-01
3.351716287024616214e+00,1.285879643527960414e-01
3.367615595013662588e+00,1.273323784829722138e-01
3.383590323465802463e+00,1.260708365760792316e-01
3.399640830147947046e+00,1.248033103788700193e-01
3.415767474524116221e+00,1.235297715040748201e-01
3.431970617763497433e+00,1.222501914297649817e-01
3.448250622748531224e+00,1.209645414987143425e-01
3.464607854083037619e+00,1.196727929177575228e-01
3.481042678100387811e+00,1.183749167571445521e-01
3.497555462871698495e+00,1.170708839498938170e-01
3.514146578214081718e+00,1.157606652911404854e-01
3.530816395698925803e+00,1.144442314374826825e-01
3.547565288660215366e+00,1.131215529063242381e-01
3.564393632202899731e+00,1.117926000752140492e-01
3.581301803211281332e+00,1.104573431811834983e-01
3.598290180357465839e+00,1.091157523200791540e-01
3.615359144109838496e+00,1.077677974458934596e-01
3.632509076741590182e+00,1.064134483700913264e-01
3.649740362339271904e+00,1.050526747609346195e-01
3.667053386811399474e+00,1.036854461428026869e-01
3.684448537897098586e+00,1.023117318955095306e-01
3.701926205174782769e+00,1.009315012536186051e-01
3.719486780070889509e+00,9.961843727019858985e-02
3.737130655868632356e+00,9.852175776921062722e-02
3.754858227716818320e+00,9.741987602445904837e-02
3.772669892638693678e+00,9.631276735841491632e-02
3.790566049540836424e+00,9.520040697648823880e-02
3.808547099222094889e+00,9.408276996647227386e-02
3.826613444382555240e+00,9.295983129798625344e-02
3.844765489632564481e+00,9.183156582191449868e-02
3.863003641501794316e+00,9.069794826984305114e-02
3.881328308448340092e+00,8.955895325349413905e-02
3.899739900867878362e+00,8.841455526415688271e-02
3.918238831102845765e+00,8.726472867211690354e-02
3.936825513451681413e+00,8.610944772608175590e-02
3.955500364178104356e+00,8.494868655260430501e-02
3.974263801520432349e+00,8.378241915550350971e-02
3.993116245700958800e+00,8.261061941528156927e-02
4.012058118935350137e+00,8.143326108853982115e-02
4.031089845442110686e+00,8.025031780739046161e-02
4.050211851452081291e+00,7.906176307886612908e-02
4.069424565217984124e+00,7.786757028432658712e-02
4.088728417024017681e+00,7.666771267886245134e-02
4.108123839195486404e+00,7.546216339069648782e-02
4.127611266108489829e+00,7.425089542058155301e-02
4.147191134199642804e+00,7.314082472239887001e-02
4.166863881975862327e+00,7.203643436359477570e-02
4.186629950024175706e+00,7.092680518355666541e-02
4.206489781021593544e+00,6.981191233124550699e-02
4.226443819745022701e+00,6.869173083773816302e-02
4.246492513081228104e+00,6.756623561566806047e-02
4.266636310036845181e+00,6.643540145866318192e-02
4.286875661748426047e+00,6.529920304078205839e-02
4.307211021492550529e+00,6.415761491594615396e-02
4.327642844695975377e+00,6.301061151737014088e-02
4.348171588945832333e+00,6.185816715698939233e-02
4.368797713999883925e+00,6.070025602488419297e-02
4.389521681796808572e+00,5.953685218870242296e-02
4.410343956466554083e+00,5.836792959307827294e-02
4.431265004340728453e+00,5.719346205904896063e-02
4.452285293963043955e+00,5.601342328346840121e-02
4.473405296099818074e+00,5.482778683841773443e-02
4.494625483750504635e+00,5.363652617061408223e-02
4.515946332158292442e+00,5.273011442175191271e-02
4.537368318820751867e+00,5.188285248044840342e-02
4.558891923500522303e+00,5.103157144045088189e-02
4.580517628236068006e+00,5.017625223663474410e-02
4.602245917352457028e+00,4.931687571343780496e-02
4.624077277472223635e+00,4.845342262443071146e-02
4.646012197526255605e+00,4.758587363188631486e-02
4.668051168764749903e+00,4.671420930634635066e-02
4.690194684768219879e+00,4.583841012618612709e-02
4.712443241458534438e+00,4.495845647717788829e-02
4.734797337110038029e+00,4.407432865205101330e-02
4.757257472360700845e+00,4.318600685005102163e-02
4.779824150223343615e+00,4.229347117649559507e-02
4.802497876096885498e+00,4.139670164232975985e-02
4.825279157777678130e+00,4.049567816367755785e-02
4.848168505470868084e+00,3.959038056139268374e-02
4.871166431801827734e+00,3.868078856060638837e-02
4.894273451827640287e+00,3.794356254989907085e-02
4.917490083048626559e+00,3.724746841371226469e-02
4.940816845419936598e+00,3.654807226324000013e-02
4.964254261363198140e+00,3.584535843494228435e-02
4.987802855778213029e+00,3.513931119097710859e-02
5.011463156054720258e+00,3.442991471884775806e-02
5.035235692084196302e+00,3.371715313104901857e-02
5.059120996271728288e+00,3.300101046471119043e-02
5.083119603547936904e+00,3.228147068124258973e-02
5.107232051380955262e+00,3.155851766597040503e-02
5.131458879788475258e+00,3.083213522777951757e-02
5.155800631349825913e+00,3.010230709875037075e-02
5.180257851218134313e+00,2.936901693379431397e-02
5.204831087132534506e+00,2.863224831028760020e-02
5.229520889430430586e+00,2.789198472770367671e-02
5.254327811059831710e+00,2.714820960724335930e-02
5.279252407591721763e+00,2.640090629146395543e-02
5.304295237232511617e+00,2.565005804390591004e-02
5.329456860836535803e+00,2.489564804871812614e-02
5.354737841918615793e+00,2.429321260131261581e-02
5.380138746666685456e+00,2.377240898861547602e-02
5.405660143954459151e+00,2.324913487533564541e-02
5.431302605354180635e+00,2.272337854232798354e-02
5.457066705149419050e+00,2.219512821485610313e-02
5.482953020347942186e+00,2.166437206232841445e-02
5.508962130694621706e+00,2.113109819803353148e-02
5.535094618684427203e+00,2.059529467887386001e-02
5.561351069575472650e+00,2.005694950509808241e-02
5.587732071402115253e+00,1.951605062003259825e-02
5.614238214988141351e+00,1.897258590981118140e-02
5.640870093959977183e+00,1.842654320310408225e-02
5.667628304759999125e+00,1.787791027084515566e-02
5.694513446659885680e+00,1.732667482595808689e-02
5.721526121774036078e+00,1.677282452308126448e-02
5.748666935073068807e+00,1.621634695829101552e-02
5.775936494397348575e+00,1.565722966882426154e-02
5.803335410470618072e+00,1.509546013279901809e-02
5.830864296913665257e+00,1.465013516190489563e-02
5.858523770258067920e+00,1.429563320152950692e-02
5.886314449960009298e+00,1.393944961437901774e-02
5.914236958414139878e+00,1.358157642343517379e-02
5.942291920967519125e+00,1.322200561383971192e-02
5.970479965933627398e+00,1.286072913271476929e-02
5.998801724606425800e+00,1.249773888898268910e-02
6.027257831274514643e+00,1.213302675318455801e-02
6.055848923235313208e+00,1.176658455729845572e-02
6.084575640809349650e+00,1.139840409455631851e-02
6.113438627354597088e+00,1.102847711926019554e-02
6.142438529280878079e+00,1.065679534659762923e-02
6.171575996064357028e+00,1.028335045245591835e-02
6.200851680262061016e+00,9.908134073235990921e-03
6.230266237526513429e+00,9.531137805664880586e-03
6.259820326620407549e+00,9.152353206607628799e-03
6.289514609431374303e+00,8.771771792878033450e-03
6.319349750986785530e+00,8.389385041048906533e-03
6.349326419468662053e+00,8.082560698169044197e-03
6.379445286228634160e+00,7.859648528589844099e-03
6.409707025802973135e+00,7.635678945752761605e-03
6.440112315927712494e+00,7.410646933678580531e-03
6.470661837553805640e+00,7.184547452594206365e-03
6.501356274862390094e+00,6.957375438819686335e-03
6.532196315280106802e+00,6.729125804654837416e-03
6.563182649494491372e+00,6.499793438265330514e-03
6.594315971469459470e+00,6.269373203568080755e-03
6.625596978460822406e+00,6.037859940116421797e-03
6.657026371031921741e+00,5.805248462984384170e-03
6.688604853069313627e+00,5.571533562650618845e-03
6.720333131798529536e+00,5.336710004881751838e-03
6.752211917799927576e+00,5.100772530615065720e-03
6.784241925024589115e+00,4.863715855840845467e-03
6.816423870810316643e+00,4.625534671483981855e-03
6.848758475897703590e+00,4.386223643285032739e-03
6.881246464446263644e+00,4.192215270636841934e-03
6.913888564050670205e+00,4.053340724530165792e-03
6.946685505757026036e+00,3.913807408709315573e-03
6.979638024079250158e+00,3.773612198213326368e-03
7.012746857015523361e+00,3.632751953257576209e-03
7.046012746064828747e+00,3.491223519163413110e-03
7.079436436243534025e+00,3.349023726287612534e-03
7.113018676102097260e+00,3.206149389951296665e-03
7.146760217741823240e+00,3.062597310368649420e-03
7.180661816831703348e+00,2.918364272575270629e-03
7.214724232625357558e+00,2.773447046356096110e-03
7.248948227978011971e+00,2.627842386173168121e-03
7.283334569363604238e+00,2.481547031092862406e-03
7.317884026891937843e+00,2.334557704712904476e-03
7.352597374325933188e+00,2.186871115088973895e-03
7.387475389098967504e+00,2.038483954660934728e-03
7.422518852332262718e+00,1.925571202244989255e-03
7.457728548852399442e+00,1.849088726495736433e-03
7.493105267208883369e+00,1.772243446041798934e-03
7.528649799691806699e+00,1.695033639871247220e-03
7.564362942349603713e+00,1.617457578808283083e-03
7.600245495006861418e+00,1.539513525474552925e-03
7.636298261282239430e+00,1.461199734250220785e-03
7.672522048606472467e+00,1.382514451234865497e-03
7.708917668240443000e+00,1.303455914208220216e-03
7.745485935293369373e+00,1.224022352590666473e-03
7.782227668741034776e+00,1.144211987403637599e-03
7.819143691444147670e+00,1.064023031229733955e-03
7.856234830166763494e+00,9.834536881727089404e-04
7.893501915594798746e+00,9.293934626368654866e-04
7.930945782354648976e+00,8.851258096099924979e-04
7.968567269031860079e+00,8.406481671361743045e-04
8.006367218189920365e+00,7.959595391027924098e-04
8.044346476389126366e+00,7.510589246720407366e-04
8.082505894205558761e+00,7.059453182584903399e-04
8.120846326250102720e+00,6.606177095066033790e-04
8.159368631187609466e+00,6.150750832680796894e-04
8.198073671756116454e+00,5.693164195791329887e-04
8.236962314786174133e+00,5.252511244366660659e-04
8.276035431220266858e+00,4.915489629836507918e-04
8.315293896132295970e+00,4.576869308855841738e-04
8.354738588747197880e+00,4.236642697749885096e-04
8.394370392460627883e+00,3.894802176869701662e-04
8.434190194858738110e+00,3.551340090421608513e-04
8.474198887738079833e+00,3.206248746295505187e-04
8.514397367125543070e+00,2.859520415892890491e-04
8.554786533298445406e+00,2.642739650278974725e-04
8.595367290804684757e+00,2.479840822754722182e-04
8.636140548483000501e+00,2.316169263170831240e-04
8.677107219483342959e+00,2.151721305970881221e-04
8.718268221287292619e+00,1.986493268210469117e-04
8.759624475728628568e+00,1.820481449474643527e-04
8.801176909013976868e+00,1.653682131795020387e-04
8.842926451743531757e+00,1.486091579566602432e-04
8.884874038931934948e+00,1.332861931683912058e-04
8.927020610029176240e+00,1.241665007993024081e-04
8.969367108941654010e+00,1.150035479674164338e-04
9.011914484053312080e+00,1.057971294610259011e-04
9.054663688246872510e+00,9.654703909497593659e-05
9.097615678925198068e+00,8.725306970604177381e-05
9.140771418032702655e+00,7.791501314829590342e-05
9.184131872076918057e+00,6.853266028844155853e-05
9.227698012150121087e+00,6.225745138448061206e-05
9.271470813951113499e+00,5.701901409704603763e-05
9.315451257807035645e+00,5.175572759187281374e-05
9.359640328695343570e+00,4.646747399342130932e-05
9.404039016265864248e+00,4.115413486699371156e-05
9.448648314862952091e+00,3.581559121608238590e-05
9.493469223547783997e+00,3.136785412323421615e-05
9.538502746120695264e+00,2.850201806415673023e-05
9.583749891143691357e+00,2.562258753399404790e-05
9.629211671963020081e+00,2.272949804558081581e-05
9.674889106731866306e+00,1.993189969922952855e-05
9.720783218433172834e+00,1.801935891621493996e-05
9.766895034902528749e+00,1.609774574390864747e-05
9.813225588851191006e+00,1.416701714623646555e-05
9.859775917889226804e+00,1.222712988297656629e-05
9.906547064548734127e+00,1.027804050879182216e-05
9.953540076307216822e+00,9.179353730751454830e-06
1.000075600561101119e+01,8.305702842983428002e-06
1.004819590989887423e+01,7.427907677075489551e-06
1.009586085162566427e+01,6.545948574098036967e-06
1.014375189828612456e+01,5.659805781866926480e-06
1.019187012243883039e+01,4.769459454500368956e-06
1.024021660173015036e+01,3.874889651975571675e-06
1.028879241891842078e+01,3.144684345122368737e-06
1.033759866189818410e+01,2.736394117862185426e-06
1.038663642372455342e+01,2.326167112093257887e-06
1.043590680263769244e+01,1.913994140451456422e-06
1.048541090208740556e+01,1.499865971991231988e-06
1.053514983075788258e+01,1.090213773340014743e-06
1.058512470259247529e+01,9.608248501979218621e-07
1.063533663681868191e+01,8.308221536444646463e-07
1.068578675797320088e+01,7.002027721645735056e-07
1.073647619592712665e+01,5.689637804320028781e-07
1.078740608591123618e+01,4.371022392438623064e-07
1.083857756854142984e+01,3.684266128858846177e-07
1.088999178984426841e+01,3.264639344924340948e-07
1.094164990128263959e+01,2.843022006030263773e-07
1.099355305978153829e+01,2.419404669716871375e-07
1.104570242775401567e+01,1.993777848732623127e-07
1.109809917312715122e+01,6.730952907377315241e-08
1.115074446936825048e+01,4.645067150399709853e-08
1.120363949551111915e+01,2.658434890549068468e-08
1.125678543618245975e+01,1.269649786374953416e-08
1.131018348162841214e+01,1.094190673103996871e-08
1.136383482774120424e+01,9.178992464023994376e-09
1.141774067608593413e+01,7.407715580817044231e-09
